$ANSIBLE_VAULT;1.1;AES256
34346363636663336639316439383130336532306165326234363035613661303830663264646139
3766663466643965393231366635636133373936353831310a333333323135643461653637336439
34366531353239333863353762356534613864373138356230323136373262393031313536663965
3832653563663231620a316530656631303965613433383361663161323038613839303963643462
62643237633337633131373030323435346637616666343430343537326666613032396230323936
34306463623537646631383362623631633831646362343138623734363538303135646235393761
38323136313935616632613964616465356361333833646265643036356238326361643535633561
39626261663239646464313339363538646131666138653438663064626461333635306430623661
34363565333831613631313935353964353430653638666165656139623736613431646166323030
62316631306664633937626561333464393236323537343834356563643735313133623563383737
64373163343263636638643537303138323533306161323539663264303565666135626437643665
62343238386665383465383632323639303032306131636361613464313762303564396165636163
63366264616339353133346461643061373039373437616266356232653830626331643161626538
66393633353939663661633338323238626233316161666430613933386430623037303333343631
32343936303963633934386635383964666165393032366530313866653231653833636363303433
31343530336538333665343135343963623735363839383639333636363564393839623232323536
30306432636232613765326466626466353661333435383062306363656533633963616362373161
37323238613966356334613663323534656230303138616137663265386231646437343731363663
66343331393865353164323664376136646636346230643533306139343063636430663931343439
30393564333438383732333432323637663766326438633037306632346335353561366665303531
61643733393331323761306461356536623031633237613631346233333533386430343137383638
63303730393162303034316466363931616630343364343033343537373435616134383331383839
66636533623237343566376164303831343133356431303264333831346366333537666565346330
61353538336233393738306466346166326330393830336630303261646264333835353438623933
37373864313534323161363135363637336238623033396434386663386236336663366435303463
66356231373530666535326162616466343032373434376162643139343739373039613435353730
61623931326339313730356134383037396533323938333130616132373066666261376165663036
31653665383762313631343438366566653562306637376335376164363230633965333563323131
32663734636366636335636362343336643666623163313164336130613032323539656434306565
64353862323265343165643034326330393230313530346536663065633331306135333134313534
34343537306663646435323562643563306331353164653461366261653939326465656231363435
66316131333762343037386139383265373231636262663061626337616263333837323935633663
66613637353938366532353530353866633837633130663261383038366235633434303631633064
35643837303066356662663438353135393235653464343330623630616530613834346664663736
37393961366466626537363039626331386134363337643866303465663535303832393161373337
65356435386364616531
